0,16,54,40
1,12,45
2,15,55,44
3,16,52,46
-666,53
5,15,40
6,15,45
7,21,54
8,16,52
9,15
10,16,40
11,21,40
12,22,48
13,15
-666,45
-666,46,42
-666,46
17,16
-666,53
-666,44
20,16,51
-666,40
22,20,14,11,9,54,52,50,49,46,44,43,40
-666,40
24,15
25,14,42
26,19,43
27,16,54
28,15,54
-666,50
-666,44
-666,40
32,10,51
-666
-666
35,15,48
-666,50
37,16,48
38,16,55
39,16
40,14
41,10,44
-666
43,14
44,10,54,40
-666,40
46,16,40
47,16,48
-666,48
49,15,42
50,15,48
51,10
52,14,12
53,19
54,16
-666,53
56,8,48
-666
-666,49
59,16
60,10,42
61,22,52
62,14,40
63,18,40
64,14,54,47
-666,48
-666,40
67,15,44
68,19,48
69,22,53
-666,48
71,15,49
72,10,42,40
-666,53
-666,47
75,15,40
76,10
-666
-666,44
79,22,51
80,16,48
-666
82,16,54
83,15
84,16,43
-666,46
86,12,53
-666,50
-666,50,42
89,16,43
90,8,54
-666,52,48
92,22,40
-666
94,11,51
-666,40
96,16,42
97,22,55
-666,41
99,15,44
-666,51,45
-666,53
102,22
103,12,43
104,15
-666,53
106,16,47
107,14,40
-666,41
109,10,49
110,16,53
-666,52,51
112,10,42
113,10,53
114,15
115,16,53
116,10
117,16,48
118,15,48
-666,54
-666,44
121,16,48
122,15,51
-666,49
124,16
-666,42
-666
-666,53
128,16,42
-666,40
-666,51
131,14,55
132,14,50
133,19
134,14
-666,54
136,15
137,10,40
138,16,54
139,14,48
-666,40
141,16,53
142,14,40
143,21,50
-666,53
145,14,54
146,16,46
147,16
148,16,50
-666,53,44
150,16,42
151,16,48
152,16,51
153,19,42
-666,51
155,16,52
156,16,45
-666,40
158,22
159,15,49
160,11
161,15
162,18
163,21,53
164,16,49
165,15,48
166,22,51,44
167,16,51,44
168,12,40
169,16,52
170,14,55,40
171,16
172,16,42
-666,52
174,15,53
175,8,53
176,15,55,42
177,16
-666,41
-666,54,44
180,12
181,22,40
182,16,44
-666,55
184,14,41
-666
186,16,42
187,16,55
188,15,51,45
189,22
190,21,42
-666,41
192,15,51
193,16
194,21,55
195,21,16,44
196,13,54
-666,40
198,17,48
199,14,50
200,15,44
201,23,55
202,16
203,14,52
-666,42
205,15
206,16,45
207,16,53
208,10,52
209,8,55
210,22
-666,40
212,14,49
213,14
-666,45
215,21,48
-666,40
217,10,45
218,16,40
219,16,55
220,19,54,50
221,16,48
-666,51
223,14,55
224,14,42
225,22,53
-666,51
-666,48
228,10,47
-666,43
-666,52
231,15,55
232,16
-666,42
-666,41
235,14,48
236,15,50
237,15,45
-666,55
239,21
240,8,46
241,15,53
242,16,55
243,16
244,16,50
245,15,45
246,15,44
247,10,51
248,21,40
-666,53
250,10,53
251,15,46
252,16,47
-666
254,17,14,13,53,50,47,44
255,10,54,43
256,8,52
257,8,47
258,16,40
259,10,52
260,16,55
261,16
262,16,49
263,8,48
264,19,46
-666,44
266,19,40
267,15
268,14,53
-666
-666,51
-666
272,16,44
273,16
274,22
275,21
276,15,54,41
277,14,51
-666,55
279,15,46
280,15
-666,51,42
282,21,55
283,15,42
-666,45
-666
-666,53
-666,50
288,12,47
289,10
-666,46
291,15,40
292,19,51
293,16,54
294,16,44
295,16,52
-666,45
297,12,40
298,16,55,42
-666,47
300,16,48
-666
-666,54
303,22,40
-666
305,22,50
-666,50
307,16,54
308,8,44
-666,52,41
310,15,50
311,15,54
312,10,51
313,16,51
-666,40
315,15,49,44,42
316,16,40
317,21
318,8,47
-666,55
-666,47
321,16,53
322,14,55
-666
-666,45
-666,52
326,16,43
-666,52
-666,40
329,22,55
330,15,54
331,8,53
332,15,52
333,15,53,52
334,16,54
335,16,42
336,9,48
-666,43
338,14,41,40
339,16,40
-666,44
341,16,48
342,15,53,42
343,16
344,13
-666,51
346,8
-666,48
348,12,44
349,19,43
-666,55
351,16,48
-666
353,22,40
-666,51
-666,54
356,16,42
357,12
358,14,48
359,17,44
360,15,43
361,16,44
362,21,48
-666
364,15,55
365,12
366,15
367,16,42
368,22,54
369,19,8,50
-666,45
371,15,50,40
372,22,40
373,16,54,44
374,15,51
-666
376,22,55
377,15,52
-666,53
379,16,45
-666,53
381,15
382,16,45
383,16,52
384,19,40
-666,42
386,15,46
-666,47
388,19,54
389,8,52
-666,50
391,10,45
392,22,43
393,15,53,44,40
394,16,53
395,16,42
396,15,55
397,15,44
-666,42
399,10,53
400,10,41
401,16,48
-666,55,40
403,16
404,16,44
405,16,40
-666,43
-666,55,40
408,10,46
-666,54
410,21,55
411,14,52
-666,54
413,12,42
414,15
415,15
416,15,43
417,16,41
-666
419,8,42,40
420,19,44
421,8
422,21,54
423,8,55
-666,41
-666,45
426,10,40
-666,53
428,15,45
429,16,52
430,15,42
-666,52,40
432,21
-666
434,16,45
-666,42
436,16,51
437,8,46
-666,48
-666,50
-666,42
-666,42
442,8,48,44
443,16,51
444,16,51
445,8,48
446,16,49
447,15
448,14,51
449,16,45
450,19,55,40
-666,55,40
452,16,47
453,10,52
-666,47
455,16,48
456,15,41,40
457,8,50
458,21,45
459,9,51
460,18,15,52,42
461,14,40
462,8,42
463,18,40
464,21,46
465,15,41
-666,51
467,16,42
-666,45
-666,44
470,18,42
471,22
-666,48
473,21,51
474,14,45
475,22,51
476,21,44
477,10,44
478,16
479,22,54
480,15,53
481,15,40
482,10
-666,40
484,16,48
485,22
486,21,42
487,16,49
488,19,53,40
489,16,42
490,19,53
-666,44
-666,53
493,22,44
494,21,51
495,16,51
-666,51,42
-666,43
498,16,43
499,16,51
-666,45
-666,51,43
502,14,49,46
-666,53
504,15,51
505,19,48
506,16,41
-666,41
508,15,52
509,15,44
510,16,47
511,15,48
512,15,41
-666,54
514,16,53
-666,40
516,16
517,16,54
518,22
519,14,40
-666
521,16
522,21,51
523,15
-666,48
525,16,55
-666,45
-666,49
-666,53
-666,40
530,22
531,18,45
532,16,48
533,17,52
534,16,55
535,11,51
536,16,54
537,16,51
538,8,48
-666
540,14,51
-666,40
542,22,55,54
-666,50
544,16,43
545,15,43
546,16,51
547,22,47
548,12,41
549,15,49
-666,51
551,10,43,40
552,14,40
-666
-666,53
555,15,48
-666,44
-666,51
558,16,40
559,22,51
-666,47
-666,42
562,16,48
-666,44
564,16,42
-666,44
566,22,53
567,15,44
568,14,52
569,8,44
570,16,51
-666,51
-666,51
573,16,53
574,12
-666
-666,53
577,12,54
578,12,52
-666,53
580,16,50
581,15,51
-666,51
583,12
584,16,43
585,15,47,46
586,8,48
-666,47
588,8,43
589,22,44
-666,44
-666,53,43
592,16,52
593,22,51
594,15,48
595,15,40
596,12
-666,51
598,8,53
599,16,49
600,15,41
-666,53
602,8
603,15,49,48
-666,46
605,16,52
-666,53
-666,51
608,16
-666,40
610,15,49
-666,51
612,22
613,15
614,15,44
-666,44
-666,47
617,22,40
618,15,52
619,15,44
-666,54
621,10,49
622,22
623,16,48
624,20,40
-666,40
626,19,51
627,16,55
-666,52
629,16
-666,55
631,15,49
632,19,52
633,16,51
634,8,42
635,10,53
636,21
-666,42
638,15,52
639,16,42
640,12,55
-666,53
642,16,41
643,8
-666,52
645,14
-666,55,40
647,16,42,40
648,16,43
-666,43
-666,46
-666,55
-666,43
653,16,43
-666,51
-666,46
656,10,44
657,15,55
658,15,40
659,11,53
-666,53
-666,43
-666,43
663,22,42
664,16,52
665,16,45
666,8,51
-666,49
-666,53
669,8,49
670,21,46
671,22,51
672,22,41
673,16,51
674,15,48
-666,49,48
676,16,53
-666,45
-666,47
679,14
680,19
-666,42
682,15
683,16,52
684,15,54
-666,53
-666,50
-666,44
-666,54
-666,49
-666,40
691,16,47
692,16,42
-666,41
-666,45
-666,48
-666
697,8
698,19,15,53,52,46,45
699,11,47
-666,53
701,15,47
702,20,15,10,8,55,54,53,50,49,46,45,44,43,41,40
703,19
704,16
705,16,42
706,8,53
707,16,44
708,12,50
709,16,50
710,21,41
-666,55,45
712,19,52
713,22,45
714,16,41
715,22,43
716,16,49
717,16,51
718,22
-666,42
720,21,51
721,16
722,15,44
-666,49,45
724,16,55
-666
-666
727,16
-666,43
-666,43
730,16,55
731,15,45
-666,53
733,9,44
734,10,40
-666,43
736,22,46
737,10,43
-666
739,22,46
-666,43
741,22,53
742,16,51
743,8,40
744,15,40
745,9,46
746,19,40
-666,42
-666
749,15,41
750,10,53
-666,53
752,16,55,40
753,16,46
-666,55
-666,50
756,22,43
757,16,44
-666
-666,54,48
-666,53
761,16,54
-666,55
763,15,53
-666,41
765,22,46
-666,44
-666,53,41
768,16,51
-666,54
770,15,47
771,22,40
772,15,52,44
-666,50
774,19,51
775,16,40
776,14,53
-666,55
778,19,42
779,22
780,16,49,44
781,22,41
-666,51,43
783,16,41
784,21,11,9,55,53,47,41
785,16,43
-666,41
787,12,51
788,10,40
789,16
790,15,51,40
791,13,54,45
792,22,40
793,17,41
794,15
-666
796,8,53
797,22
798,16,41
-666,40
-666,40
-666,53
802,15,53
803,21,47
-666,50
-666
-666,48
807,22
808,15,40
809,15,54
810,11,48
-666,53,48
812,16,51
-666,46
-666,54
815,16,49
-666,55
817,10,53
-666,46
819,14,50
820,16,55
821,16,48
-666,51
-666
824,15,52
-666,44,40
-666,55,40
827,19,43
828,16,41
-666,40
830,14,43
-666,43
832,15,43
-666,53
834,15,51
-666,40
836,16
-666,44
-666,51
-666,55
-666,41
841,22,42
-666
843,21,44
844,12,45
-666,42
846,16,52,40
847,16,42
-666
849,14,44
850,16,40
851,19,48
852,13,49
853,8,53
-666,54
855,16,44
856,16,53
857,15,44
858,10,44
859,8,54
-666,44
861,21,42
-666,55
863,21
-666
865,21,50
866,10,50
-666,41
-666,55
869,15
-666,40
871,8,53
-666,50
873,21,46
874,16
875,15,43
876,15,47
877,14,50
878,16,55
879,14,51
880,16,12,42
881,16,54
-666,55
-666
884,15
-666,52
886,16,53
-666,47
-666,40
-666,44
890,21
891,16,48
892,8,48
893,16,42
894,15,47
895,16
896,16,53
897,16,55
-666,42
-666,55
-666,52,42
901,12,48
-666,43,42
903,15,45,40
904,16,44
-666,54
-666,40
907,8,51,47
-666,51
-666,55,40
-666,50,49
-666,53
912,16
913,16
914,16
915,16,44
916,18,42,40
917,16
918,15,52
919,19,41
-666,52
921,10,47
-666,55
923,16,41
-666,54
925,8,42
926,16,48,42
927,22,53
928,16,48,44
929,16,53
930,16,55
931,22,21,15,12,8,53,51,50,47,46,45,41,40
-666,51
933,15,54
934,16,42
935,16,52
936,16,49
937,10,41
938,22,15,42
939,16,45
940,10,40
941,10,52
942,15,48
943,21,49
944,14,55
-666
946,22,55
947,15,54
-666,55
-666,44
950,14
951,8,47
952,20,48
953,21,40
954,22,54,43
955,16
956,19,52
-666,53
-666,47
-666,48
960,14,51,43
961,16,44
-666,44
-666
964,12,40
965,16,48
966,15,52
967,15,54
-666,40
-666
970,12,52
-666,53,44
972,8,42
-666
974,15
-666,49
-666,48
977,16,42
-666,40
-666,48
980,15,55
981,15,46
982,16,49
983,16,44
984,22,51,48
985,12
986,14,41
987,12,42
988,12,46
989,16,42
-666,41
991,16,40
992,22,46
993,16,43
994,16
-666
996,10,46
997,10,54,40
998,16,51
999,16,52
1000,16,54
1001,15,55
1002,15,51
-666,44
-666,41
1005,22,51
-666
1007,16,40
-666,44
-666,53,41
-666
-666,49
1012,8,42
1013,21,42
1014,9,51
1015,19,53
-666,45,42
1017,20,51,40
-666,53
1019,16,54
1020,21
-666,49
1022,16,53
-666,42
-666,40
-666,41
1026,8
1027,15,40
-666,52
1029,13,40
1030,16,40
1031,8,42
1032,16,54
1033,14,55,40
-666,50
1035,15,40
1036,15,51,43
1037,19,40
1038,16,54,53
1039,8,40
-666
-666,55
-666,50
1043,14,54
-666
-666,53,49
1046,8,44
-666,43
-666
-666,42
-666,47
-666,41
-666
-666,52,50
1054,14,51
1055,22,42
1056,16,53
-666,52
1058,16,54
-666,49
-666,43
1061,10,45,43
1062,12,53
1063,16,53
-666
1065,8,50
1066,14,40
1067,19,49
-666,52
-666,55,40
1070,14
1071,22,51
1072,22,51
-666,50
1074,22,40
-666,44
-666,50
1077,16,53
-666,40
1079,16,51
-666,49
1081,15,41
1082,15,55
-666,42
1084,16,51
1085,16,40
-666,40
1087,11
1088,16
-666,44
1090,13,42
-666,41
1092,15,43
1093,15,45
1094,16,55
1095,16
1096,16
-666,51
-666,46
1099,16,40
1100,16,47
1101,15,42
1102,16,43
-666,54
1104,15,53,40
1105,23,15,12,8,53,52,50,49,48,47,44
1106,10,42
1107,12,42
-666,48
-666,40
1110,15
-666,54
1112,12,40
1113,16,42
1114,16,43
-666
1116,16,53
1117,12,55
-666,42
-666,40
1120,21,55
-666,42
1122,10,41
1123,15,50
-666,44
-666,40
-666
-666,43
-666,43
1129,22,53
1130,16,51
1131,13,40
1132,12,41
1133,12,51
1134,16,48
1135,15,42
-666
1137,14,44
-666,54
-666,54
-666,51
1141,14
1142,16,47
1143,16,41
-666,54
1145,18,49,45
1146,16,41
1147,12,53
1148,15,55
1149,14,53
-666
-666,53
-666,54,40
1153,16
1154,13,42
-666,44
-666
1157,16,43
-666,45
1159,16,42
1160,16,47
1161,16
1162,16,53
1163,16
-666,55
-666
1166,8,54
1167,16,48
1168,16,43
-666,48,42
-666,48
1171,15,51
-666,53
1173,22,40
1174,16,53
1175,15,53
1176,10
1177,16
1178,16,45
1179,15,41
1180,21,43
1181,8,43
-666,55
1183,16
1184,22
1185,10,53
1186,8
1187,16
-666,46
1189,16,46
1190,22,53
1191,16
-666,51
1193,16,42
1194,16,53
1195,15,41
1196,22,52
-666,42
1198,8,45
1199,21,50
1200,16,54,45
-666,47
-666,51
-666,45
1204,19,55
-666,41
1206,11,53
1207,15,55
1208,16,48
1209,16,50
1210,13,53
1211,15,51
-666,40
-666
1214,15
-666,49
1216,16
1217,16,52,41
1218,16,53,47
1219,16,51
1220,10,49
1221,16
1222,16,47
1223,10,46
-666,45
-666,54
1226,19,55
1227,19,54
-666,51
1229,14,48
1230,21
-666,51
1232,22,53
1233,16
1234,16,51
1235,16,45
-666,54
1237,14,53
1238,15,42
-666
1240,16,53
1241,16,54
1242,14
-666,49
1244,15,44
1245,16,45
1246,16,42
1247,18,55
1248,10,50
1249,8,51
1250,10,50
-666,42
1252,14,42
1253,19,47
1254,19
-666,43
-666,49
-666,45,44
1258,12,41
-666,53
1260,9,48
1261,15,44
1262,14
1263,22,41
1264,17
-666,46
1266,16,51
-666,48
1268,16,55
1269,15
-666,41
1271,22,44
1272,14,42
-666,42
-666,48
1275,22,51
-666
1277,16,43
1278,16
-666,53
1280,10,54,40
1281,16,55
-666,47
1283,15,50
1284,16,55
1285,15,44
-666,47
1287,16,46
1288,15,53
-666
1290,16,46
1291,15,53
1292,15
-666,46
1294,14,48,47
-666,43,42
1296,22
-666,43
1298,21,41
1299,14,41
1300,22,52
-666,43
1302,16
1303,19,44
1304,22
1305,15,52
-666,53
1307,19,40
1308,21,50
-666,42
-666,54
1311,16,51
1312,16,41
1313,15,48
-666,52
1315,15,48
-666,41
-666,44
1318,16,40
-666,51
-666
1321,14,50
1322,8,53,50,48
1323,15,55
1324,10,44
1325,12,50
1326,16,49
-666
1328,16,51
-666,52
1330,22,53
1331,16,51
-666,49
1333,10,50
1334,15,48
1335,22,50
-666,44
1337,8,50
-666,53
1339,22,54
1340,14
1341,16,40
-666,55
1343,15,48
-666,46
-666,49
1346,16,51
1347,15,52
1348,22,44
1349,15,53
-666,44
1351,19,53
1352,23,22,15,11,9,54,49
1353,16,45
-666
-666,52
-666,53
-666,51
-666,50
1359,10,42
1360,16,50
1361,16,48
-666,44
-666
-666,45
1365,16
-666,44
1367,10
1368,14,42
-666,52
1370,10,48
-666
1372,16,52
1373,15
1374,8,52,44
1375,16,40
1376,8,42
1377,16,50
1378,8
1379,21,47
-666,51
1381,22,48
1382,14,44
-666,42
-666,51
1385,10,48
1386,15
1387,16,40
-666
1389,15
1390,21,48
1391,15
1392,10,50
1393,12,46
1394,14,53
1395,21,43
1396,8
1397,8,51
1398,21,55
-666,55,40
1400,15,40
1401,15,42
1402,10
1403,16,41
-666,52
1405,14,48
1406,14
1407,11,51
1408,16,45
1409,16,42
1410,15,47
1411,21,43
1412,16
-666,42
1414,14,44
1415,16,42
-666
-666,42
-666
1419,16,45
1420,16,53
-666,55
1422,21,54
-666,52
1424,16,42
-666,51
1426,22,40
-666,54
1428,22,51
1429,9,48
-666,51
1431,19,46
1432,16,54
-666,55
-666,47
1435,16,47
-666,41
1437,14
1438,15,43
1439,14,42
1440,16,41
-666
1442,12,43
1443,15,46
1444,22,50
1445,14,40
1446,14,42
1447,23,53
1448,21,42
1449,14
-666,55,44
-666,49
1452,16
-666
1454,16,43
1455,12,49
1456,16,51
1457,16,54
-666,54
1459,22,10,8,55,54,53,49,47,45,44,42
-666
1461,14
1462,16,41
1463,15,54
-666,53
1465,19
1466,16,45
-666,42
1468,10,41
-666,47
-666,55
-666
-666,54
1473,14
1474,14,51
1475,15,55
1476,16,42
-666
-666,53
-666,42
1480,8,52
1481,16,55,40
1482,12,41
1483,14,52
-666,43
-666,52
-666,42
1487,14,49,47
1488,15,53
1489,10,49
1490,15,42
-666,50
1492,14,51
1493,8,40
1494,14,44
-666,55
1496,16,53
-666
1498,10,40
-666,54
1500,23,20,15,14,13,12,10,9,55,54,53,51,50,49,48,47,46,45,44,43,42,41,40
-666,49
1502,15
1503,9,52
-666,43
-666,44
-666,50
1507,16,51
-666,43
1509,14,55
1510,8,47
1511,16,51
1512,14,40
-666
1514,10,55
-666,53
-666
1517,10,45
1518,21,50
1519,19,54
1520,10,54
1521,15,55
-666
1523,13
1524,15
1525,12,53
1526,18,14,13,9,54,50,49,46,45,40
-666,53
1528,16,42,40
1529,19,54
-666,45
1531,14,42
-666,42
-666,43
1534,17
1535,16
1536,21,18,15,13,10,8,55,54,52,51,50,49,48,47,44,43,41
1537,14,50
1538,16
-666,55
-666,42
-666,41
-666
1543,14,52
1544,10,46
1545,18
1546,14,49
1547,15,48
-666,43
1549,13,53
1550,10,49
-666,52
-666,42
1553,16
-666,40
1555,13,40
1556,22,42
1557,15
1558,10,40
1559,14,51
1560,22,51
1561,16,51
1562,15
-666,55
1564,16,42
1565,19,54,50
-666,54
-666,53
1568,22,51,46
-666,40
1570,16,46
1571,12,52
-666
1573,15,53
-666,44
-666,55
1576,16,53
1577,22,44
1578,19,14,13,12,9,54,52,51,47,44,43,40
1579,15,52
1580,17,46
1581,16,43
1582,22,52
1583,17,54
-666,53
-666,51
1586,16
1587,16
1588,14,42
1589,15,54,51
-666,53
1591,16,40
-666,47
1593,19,51
-666,41
1595,14,50
1596,16,42
-666,43
1598,22,40
-666,44
1600,21,40
1601,21,40
1602,22,50
1603,16,48
1604,15,40
1605,16,55
-666
1607,13
1608,16
1609,8,46,40
1610,15,41
-666,42
-666
1613,16
1614,9,49
1615,19
-666,41
-666,50
1618,15,40
1619,16,44
1620,16,46
1621,22,48
-666,53
1623,15
1624,8,43
-666,54
1626,16,49
1627,21,47
1628,15
-666,53,51
1630,16,40
1631,16,41
1632,8,45
1633,17,12,11,51,48,47,43,40
1634,15
1635,17,43
1636,16,55
1637,14,52
1638,15,43
-666
1640,16,55
1641,16,53
1642,10,42,40
-666,55,40
1644,14
-666,55,40
1646,15,47
1647,16,43
1648,8,48
1649,16,48
-666,51
-666,47
-666,43
1653,12,40
-666,54
-666,50
1656,16,44
1657,21,46
1658,15,52
1659,14,46
-666,40
-666,40
1662,19,41
1663,19,44
1664,17,43
-666,52
1666,16
1667,16
-666
-666,45,40
1670,22,53
1671,16,53
1672,22,51
1673,22,54
-666,43
1675,15,44
1676,16,41
-666,55
-666,40
-666,50
-666,54
1681,16,53
-666,45
-666,41
1684,16,55
1685,14,55
1686,17,45
-666,44
-666
1689,8
-666,54
1691,16,51
1692,15,50
1693,16
-666
-666,49
1696,15,50
-666,51
-666,40
1699,16,52
1700,12,51
1701,16,54,51
1702,14,55,41,40
1703,21,46
1704,15,54
1705,22
-666
-666,51
1708,16,43
1709,19,45
1710,16,42
1711,13,42
-666,44
-666,53
-666,55
1715,22,43
1716,16,51
-666
-666,45
-666,42
1720,14,52
-666,48
1722,10,40
-666,47
-666,52
-666
-666
1727,10
1728,15,42
1729,21,51
1730,8,44
1731,13,53
-666,43
1733,10,55
-666,53
1735,15,55
1736,10
1737,8,54
1738,22,52
1739,22,51,40
1740,16,55,47
-666,49,43
1742,8
-666,49
-666
1745,16
1746,12
1747,15
-666
-666,52
1750,16,49
1751,10,45
1752,15,48
-666,51
1754,16,40
1755,14,47
-666,48
1757,19,46
-666,55
1759,16,40
1760,16,50
1761,16,51
1762,16,46
-666,53
1764,10,51
1765,14,47
1766,15,40
1767,15
1768,18
-666,55
1770,16
-666
-666,41
1773,12,52
1774,22,53
1775,19,49,46
1776,16,49
-666
1778,16,41
1779,15,52
1780,15
1781,15
1782,14,48
-666
1784,16,44
1785,15,54
1786,16
1787,15
1788,16,48
1789,22,48
1790,16,53
1791,21
-666,51
1793,18,55
1794,16,54
1795,9,42
1796,16,54
1797,8,50
1798,12,44
1799,21,42
1800,22,40
-666,50
-666
1803,15,53
-666
1805,16,53
1806,15,45
1807,19,41
-666,55,40
1809,14,40
-666,51
1811,16,40
1812,12,47
1813,15,54
-666
1815,12,44
1816,14,41
1817,16,51
1818,10,42
1819,19,42
1820,10
1821,19,45
1822,22,48
-666,47
-666,41
1825,16
1826,8,40
1827,17
1828,10,50
1829,16,45
1830,16,41
-666,54,49
-666,42
1833,10,43
-666,54
-666,42
1836,16
1837,16,42
1838,14,53
-666,54
1840,16,40
-666,54
1842,8,40
-666,55,40
1844,16,42
1845,14,43
-666,54
1847,11,43
1848,16,50,44
1849,15
-666,40
1851,20,48
-666,52
1853,15,51,45
1854,16,44
1855,10,40
1856,14,55
1857,16,42
1858,15,41
-666,52
1860,19,41
1861,10
1862,16
1863,9,53
1864,14,53
1865,14,55
1866,15,41
1867,14
1868,15,53
-666,49,40
1870,14,46
-666,51
1872,21,48
1873,19,46
-666,50
1875,19,55
1876,12,44
-666,53
1878,16,46
1879,21
-666,55,54,51,49,41
1881,8,44
-666,53
1883,14
1884,16,40
1885,13,51
-666,43
-666,44
-666,46
1889,10,48
1890,16
1891,15,53
-666,44
1893,8,41
1894,16
1895,16,52
-666,50
1897,14,50
1898,16,42
1899,16,54
-666,54
1901,16,40
-666,51
-666,42
1904,8,53
-666,55
1906,22
1907,15,47
1908,21,43
1909,16
-666,53
-666,51
1912,16,42
-666,49
1914,18,12,52,51,45
1915,16,55
1916,15,48,42
1917,19,52
1918,15,51
1919,17,52,42
-666
1921,10,53
1922,15,54
-666,54
1924,21,15
-666
1926,15,53
1927,16,45
-666,43
-666,44
1930,15,54
1931,19,54
1932,22,50
1933,14,54
-666,51
1935,16,40
-666,44
-666,42
1938,12
1939,16,51
1940,12
1941,14
1942,10,45
1943,14
-666,40
1945,16,51
1946,16,44
-666
1948,8,41
1949,16,55,40
1950,22,40
-666
1952,19,51
1953,16,55,50
1954,21,52
-666,49
1956,19,41
1957,16,43
-666,42
1959,8
1960,16,47
1961,22,42
1962,15,44
1963,15,55
1964,15
-666,40
-666,51,40
-666
1968,15,44
1969,8,43
1970,21
-666,55
1972,18,50
-666,42
1974,10
1975,16,44
1976,12,50
1977,16
1978,15,48
1979,21,50
1980,16
1981,19
-666,52
-666,48
-666
1985,12,54
-666,54,42
-666,40
-666
1989,16,41
-666,48
1991,22,42
1992,16,52
-666,40
1994,8,55
1995,16,40
1996,14,43
-666,52
-666
1999,15,46
-666,55,53,41,40
2001,19,16,54
2002,14,50
2003,15
-666,48
-666,55
-666,50
-666,53
2008,10
2009,15,53
-666
2011,15,54
2012,10
2013,14
2014,17
2015,16
2016,16,53
2017,15,40
2018,15,50
2019,10,44
-666,42
-666,40
2022,16,53
2023,22,41
2024,10,55
2025,15,49
2026,16,52
2027,14,44
2028,12,54
-666,52
2030,10,40
2031,22,40
2032,8,52
2033,14,51
2034,16,54
2035,16,54
2036,15,51
2037,14,54
2038,19,42
-666,47
2040,10,44
-666
2042,12,53
2043,16
2044,15,53,42
2045,16,43
-666,40
-666,54
2048,16
2049,19,50
-666,40
2051,18,47
2052,16,41
2053,8,40
-666,53
-666
-666,41
-666,55
-666,53
-666,43
2060,15,12
2061,9
2062,16,41
2063,16,50
2064,16,50
2065,16,44
2066,22,40
2067,22,52
-666,41
2069,15,44
2070,16,51
2071,15,53
2072,15,44
2073,14,42
-666,46
2075,22,52
2076,15,43
2077,15,53
2078,12,48
2079,10,54
-666,54
-666,44
2082,20,15,53
2083,19,41
2084,14,45
-666,46
-666,54
-666,55
-666
2089,16,40
2090,15,55,54
2091,8,44
2092,14,40
2093,16,40
-666
-666,45
2096,16,51
2097,16,47
-666,48
2099,15,55,53,40
2100,16,40
2101,12,51
2102,15,54
2103,21,42
-666,43
-666,55,53
2106,8,42
2107,15,42
-666,48
2109,8,55,54
2110,13,52,49
-666
2112,22,55
2113,16,41
-666
-666,42
2116,10,42
-666
2118,14,54
2119,16,51
2120,15
2121,22,42
-666,48
2123,19,53
2124,22,40
2125,14,41
2126,14
-666,40
-666,53
-666,50,45
2130,12,40
-666,42
-666,46
-666,42
2134,16,42
-666
2136,16,53
-666,51
2138,16
-666,55
2140,8,51
2141,16,46,45
-666,54
-666,51
-666,44
-666,46
2146,15,52
2147,10,41
2148,16
-666
2150,14,51
-666,51,46
2152,16,40
-666,41
2154,8,43
2155,22,44
2156,16,54
-666,52
2158,15,54
-666,54
-666,44
2161,10,52
2162,16,52
-666,51
-666,46
-666,46,40
2166,15,53
2167,16,49
-666,54
-666,53
2170,16,55,43,40
2171,14,54
-666,44
-666,44
-666,54
2175,10
2176,16,52
2177,22,50
2178,16,48
2179,16,55
-666,52
2181,15,51
2182,15,54
2183,16,51
-666,40
2185,16
2186,15,42
2187,19,48
2188,16
2189,19,44
2190,17,40
-666
2192,9,42
2193,15,48
2194,16
2195,20
-666,41
2197,19,45
-666,50
2199,16,49
2200,15,49
2201,10,40
-666,51
-666
2204,12
2205,16,48
2206,15,41
2207,15
2208,16,52
-666,48,41
2210,19,45
2211,16,52
2212,16
2213,16,55
2214,16,53
2215,16,48
2216,9,40
2217,16,47
2218,14,41
2219,8
2220,14,44
2221,15,50
2222,14,49
2223,14,55
2224,22,50
2225,18,40
2226,16,42
2227,16,42
2228,14
2229,16,42
2230,10,42
-666,51
-666,51
-666,41
2234,19,43
2235,16,49,41
2236,16
2237,22,44
2238,16,45
2239,22,48
-666,41
2241,8
2242,10,42
2243,15
-666,45
-666
2246,15,52
2247,16,47
2248,16,49
-666,53
2250,17,55
2251,22,51
2252,15,42
2253,16,55
2254,16,55
2255,12,55
2256,13
2257,12,43,41
-666,42
-666,51
2260,15,55
2261,15,40
2262,15,40
2263,16,41
-666,47
-666,52
2266,16,40
2267,16,51
2268,22
2269,14,43
2270,23,50
2271,21
2272,16,50
2273,19,46
2274,16,54
2275,15
2276,16
2277,16,48
2278,22,54
-666,50
2280,16,44
2281,16,44
2282,12,48
2283,16,50
2284,15,46
-666,42
2286,21,52
2287,16,53
-666,40
2289,16
2290,16,55
2291,21,15,8,50,49,45,44,43
-666,49
-666,43
2294,14,50
2295,16
2296,16
2297,21,53
2298,22,55
2299,11,42
-666,40
2301,16,50
-666,40
2303,12,49
2304,21,40
-666
-666
-666,40
-666,44,43
-666,44
2310,16
-666,42
2312,14,44
2313,15,53
2314,16,54
-666,40
2316,16
-666
-666,44
-666,43
2320,22,48
2321,19,43
2322,16,52
2323,16,40
2324,22,55,42,40
-666,52
2326,22,54
-666,44
2328,22,48
2329,16,48
2330,16,50
2331,15,41
-666,40
2333,16,52
-666,54
2335,15,55,40
2336,14
-666
-666,52
2339,12,52
2340,10,44
-666,42
2342,21,15,14,12,11,9,55,53,51,50,49,48,47,44,43,42,41,40
2343,15,53,43
-666
2345,19,51
2346,19,49
2347,8,46
2348,19
-666
-666
2351,16,55,40
-666,45
-666,42
2354,16,46
2355,22,41
2356,16,41
-666,53
2358,19,42
-666
2360,16,49
2361,22,15,14,12,11,9,55,53,50,49,48,47,45,44,42,41
2362,15,45
-666,42
2364,8,45
2365,16,43
-666
-666,44
2368,16
-666,51,48
2370,15,53
-666,50
2372,15
-666,46,45
-666
2375,13,54
2376,14,53
2377,16,53
-666,41
2379,16,47
2380,15,40
2381,8,55
-666,51
-666,51
2384,14,45,43
-666,53
2386,16,15,14,13,12,10,8,54,50,49,46,45,40
2387,15
2388,16,45
-666,55
-666,53
2391,19,45
2392,12,52
-666,55,40
2394,8,48
-666,48
-666,46
2397,16,44
2398,22,55
-666,43
2400,15,41
2401,9,41
2402,16,42
2403,16
2404,15,41
-666,44
2406,16,41
2407,14,53
2408,16,55,40
-666,40
-666,51
2411,16,15,47
-666,42
2413,15,45
2414,16,44
-666,44
-666,40
-666,51
2418,8,41
-666,42
-666,45
-666,41
2422,16,47
2423,12,47
2424,22
2425,16,47
-666,52
2427,14,42
2428,16,52
-666,45
2430,14,55
2431,19,51
2432,16,45
-666,53,41
2434,16
-666,50
2436,16,51,45
2437,19,49
2438,22,46
2439,15,41
-666,48
-666,52
2442,16,55
-666
2444,15,44
2445,10,41
2446,10,49
-666
2448,21,51
-666,52
2450,16,50
2451,21,46
2452,8,45
2453,8,43
2454,16,54
2455,16,40
2456,15,50
-666,48
2458,21
2459,10
2460,15,53
-666,50
2462,16,54
2463,10,43
-666,41
2465,15,42
2466,21,44
2467,15,55
2468,16,43
-666,43
2470,15,43
2471,10,51
2472,22
-666,40
2474,8,54
-666,48
2476,16,54
2477,11,46
-666,41
2479,22,44
2480,14
2481,10,46
-666,53
2483,12,55
2484,15,42
2485,16
-666
2487,15,45
2488,14,40
-666,54
2490,16,51
2491,21,40
-666,45
2493,16,44,40
-666,44
-666,43
2496,8,44
2497,8,54
2498,16,43
-666,53
-666
-666,47
2502,10,48
2503,19,41
2504,21,54
2505,14
-666,40
2507,10,50
2508,16,44
-666,43
2510,8,53
-666,53
2512,14,42
2513,15
-666
2515,16,50,46
2516,22,21,15,12,10,8,51,49,48
2517,20,50
-666,44
2519,15,55,53
2520,16,51
2521,16,42
2522,13,53
2523,16
2524,16,49
2525,10,41
-666
-666,43
2528,22,53
-666,44
2530,16,51,45
2531,22,55
2532,10,49
-666,50
2534,16,54
-666,51
-666,43
-666,50
-666,49
-666,55,40
-666,40
2541,15,51
2542,16
-666,52
2544,22,13,10,55,53,52,46
-666,46
2546,15,55
2547,8,50,42
2548,10,40
-666,52,44
2550,22,41
2551,15,40
2552,23,13,8,50,49,42,41
2553,16,44
2554,16,54
-666,42
2556,19
-666,40
2558,11,44
-666
2560,19,41
2561,16,48
2562,16,51,40
2563,16,46
2564,16,45
-666,42
2566,17
2567,12,48
-666,49
2569,16,49
2570,16,54
-666,54
2572,14,53
2573,15,54
-666,42
2575,14,52
2576,16
-666,45
-666,44
2579,16,48
-666,55
-666
2582,15,40
2583,22,42
2584,16
2585,15,44
2586,21,51,43
-666,50
2588,22
2589,8,53,48
-666
-666
2592,14,45
2593,16,49
2594,16,51
2595,16,53
-666
2597,11,54
2598,8
-666,53,44
2600,22,48
-666,51
2602,16,51
2603,16,54
-666,52
2605,14,43
2606,8,48
2607,11,9,55,53,51,50,47,44,41
-666,51,40
2609,10,55
-666
-666,55,42
2612,16,51
-666,53
-666,55
-666,51
2616,17,55
2617,14,51
2618,16,53
2619,16,53
2620,16,53
2621,22,45
-666,53
-666,52
2624,14,53
2625,13,46,44
2626,22,53
2627,10,48
2628,8,45
2629,13,41
-666,55
2631,17,40
2632,19,10,54,51,49,42,41
2633,16,49
2634,12,40
-666,53
2636,22,46
2637,10,51
2638,12,44
2639,16,43
2640,22
2641,23,15,12,55,51,46
2642,19,52
-666,46
2644,16,41
2645,14,51
-666
2647,22
-666,55,40
-666
2650,16,55
2651,16,48
2652,14,50
-666,45
-666,41
2655,10,48
2656,16
-666,44
2658,15,46
2659,22,50
2660,22
2661,15,54
-666
2663,14,44
2664,16,47,43
2665,15,52,50
-666,41
2667,10
2668,12
-666,47
-666,48
-666,53
2672,22,48
-666,40
2674,15
2675,15,42
2676,15,47
2677,22,40
-666,40
2679,11,51
-666
2681,19,50
2682,10,43
2683,16,55
-666,41
2685,16
2686,16,47
-666,51
2688,16,50
2689,16,48
-666
2691,16,53
2692,16,45
2693,16,52
2694,16,40
2695,19
2696,22,49
-666
2698,16,43
2699,20,14,13,9,54,50,49,45,43,42
2700,22
2701,14,48
2702,12,55
-666,43
-666,52
-666,49
2706,20,44
-666,53
2708,12,53
2709,15,42
-666
2711,14
2712,10,54,50
2713,15,54
2714,16,49
2715,22,41
-666,42
-666
-666,40
2719,15,45
2720,9,44
2721,12,40
2722,14,51
2723,16,44
2724,19,51
2725,14,53
2726,14,51
2727,16,52
-666,55,54
2729,8,48
2730,12,43
-666,44
2732,16,41
2733,16,55
2734,22,52
2735,21,45
2736,16,51
-666,52
2738,21,53
2739,19,52
2740,16
-666,55,40
2742,15
2743,16,48
-666,51
-666,53,43
2746,19,45
2747,16,52
2748,16,43
-666,41
2750,15,46
2751,16,43
-666,41
2753,22,55
2754,14,40
2755,16,42
2756,16,53
2757,9,52
2758,19,55,40
2759,16,45
2760,21,55
2761,15,53
2762,14
-666,54
2764,16,42
-666,52
2766,13,54
2767,21,14,55,49,48,47,46,45,40
2768,16,48
2769,11,45
-666
2771,15,54
2772,22,53
-666
2774,14,46
2775,12,48
2776,16
2777,22
-666,53
-666,43
2780,22,42
-666,55
2782,8,51,42
2783,15,51
2784,16,54
2785,9,51
-666,50
2787,16
2788,13,44
2789,19,49
2790,16,43
2791,15,52
-666,41
-666,42
2794,22,43
2795,8,51
2796,16,14,43
-666,51
2798,17,53
-666
2800,14,40
-666,49
2802,21
-666,43
-666,54
-666,49,48
2806,15,45
-666,47,46
2808,16,49
2809,16,10,46
2810,16,51
-666,52
2812,16,40
2813,19,40
2814,14,45
2815,10,52,44
2816,15,40
2817,16,40
2818,16
-666,42
-666,46,42
2821,15,40
2822,15,46
2823,16,48,42
2824,14,51
-666,41
2826,8
2827,22,44
2828,16
-666,55
2830,15,48
-666,42
2832,16,40
2833,16,42
2834,19,40
2835,14,53
2836,12,50
2837,22,53,47
2838,16
2839,15,48
2840,21,40
-666,46
2842,12
2843,16,42
-666,42
-666,41
2846,19
-666,52
2848,10,53
2849,12
2850,16,53
2851,19,18,16,14,9,55,52
2852,15,42
-666,54
2854,14,54,44
2855,15,48
2856,8,40
2857,16,40
2858,16,48
2859,16,55
-666
2861,18
-666,43
-666
2864,15,42
2865,16,48
2866,16,43
2867,10,50
2868,15,42
2869,16,41
2870,16,42
-666,47
2872,14,13,10,8,55,53,52,51,48,47,45,44,42,41
-666,40
-666,41
2875,12,51
2876,15,42
2877,16,55
-666,48
2879,12,44
2880,16,47
2881,16,52
-666,44,42
2883,15,40
2884,16,53
2885,16,40
-666,45
2887,16
-666
-666,52
2890,16,53
-666,51
2892,13
2893,21,14,13,9,54,53,52,51,47,44,41
2894,8,43
2895,14,46
2896,15,41
2897,16,43
2898,16
-666,42
2900,10,52
2901,22,52
2902,15,55
-666,48
2904,14,55
2905,15
2906,16
-666,42
2908,22
2909,10,49
2910,16
2911,22
2912,15,43
2913,16,54
-666,45
2915,14,54
2916,16,51
2917,16
2918,16,55,42
2919,16,51
-666,51,43,41
2921,16,48
-666,54
2923,22,41
2924,16,47
2925,22,55
-666,41
-666,54,41
2928,17,55
2929,19,55,40
-666,41
2931,22,54,44,43
-666,54
-666,55,42,40
2934,16,50
2935,22,46
2936,15,51
-666,52
2938,15,50
2939,16
-666,48
2941,22
-666,42
2943,16
2944,16,54
2945,15,52
2946,22,44
2947,10,52,42
2948,15,49
-666,48
2950,16
2951,10,45
-666,42
2953,14,54
2954,15,43
2955,19,51
-666,50
2957,10,42
-666,53
2959,14,54,50
-666,44
2961,16
2962,16,51
2963,14
2964,21,53
-666,44
2966,16
-666
2968,15
2969,16,50
2970,22
-666,54
2972,14
2973,16,40
2974,16,40
-666,54
2976,22,53
-666,53
2978,16,40
2979,16,44
-666
-666,54
-666,40
2983,19,40
-666,52
2985,15,42
-666
2987,22,54
-666,42
2989,16,42
-666,52
2991,16,45
2992,15,47
2993,16,44
2994,16,51
2995,15,48
-666,41
-666
2998,16,54
2999,16,53
3000,16,51
3001,15,40
3002,14,46
-666,54
3004,8,53
-666
3006,10,53
-666,48
3008,15,42
-666,43
3010,16
-666
-666,54,51
3013,16
3014,22,49
3015,16,46
3016,14,44
3017,15
3018,14,43
3019,14
3020,22
3021,15
3022,19,51
-666,50
3024,12,51
-666,51
-666,50
-666,42
3028,12
-666
3030,21,52
3031,8
-666,49
3033,15,50
3034,22
3035,16,53
3036,14
3037,21,41
3038,10
-666
3040,16,40
3041,19,44
-666,41
3043,16,40
-666,45
3045,18,44
3046,12,48
-666,44
-666,40
-666,49
3050,16,53
3051,22,47
3052,16,41
3053,21,44
3054,21,42
3055,16,55
3056,19,43
-666,48
3058,16,45
3059,23,54
3060,16,55
3061,14,44
3062,10
3063,22,51
3064,22
3065,8,48
3066,19,44
3067,14,44
3068,16,50
3069,16,42
-666,42
3071,8,51
3072,22,43
3073,14,51,49,47
3074,16,45
3075,15,51
-666,53,41
3077,15,54
3078,19,40
3079,16
3080,15,51
-666,52,44
3082,16,49
3083,16,55
3084,16,47,40
3085,16,53
3086,22,41
-666,46
-666,47
-666,45
3090,10
3091,15
3092,15,48
3093,17,40
-666,42
-666,49
-666,42
3097,16,49,43
3098,16,40
-666,49
3100,14,41
3101,16
3102,15,53,44
3103,16,40
3104,15
-666,51
3106,16,46,44
3107,10,41
3108,21,55
-666,42
3110,21,55
3111,16,44
3112,21
-666,50
3114,16,46
3115,21,51
3116,15,41
-666
3118,14,45
-666,46
3120,15,52
3121,12
-666,52,43
3123,14,51
3124,15,41
3125,10
-666
-666,53
3128,15,42
3129,21,40
3130,16,53
3131,16,51
3132,16,52
3133,15,52
3134,22,48
3135,14
3136,10
3137,16,48
-666
3139,15,50
3140,16,53
3141,16,46,44
-666,52
3143,16,49
3144,16,43
-666,45
-666,53
3147,16,51
-666,47
3149,22,43,42
3150,21
3151,10,44
-666,41
-666,49
3154,14,52
-666,40
3156,8,54
3157,16,51
3158,16,42
3159,15,51
3160,16,52
3161,22,50
3162,10,46
-666,51
-666,48
-666,40
3166,16,49
3167,22,53
-666,54
-666,48
3170,21
-666,50
3172,16,40
3173,16
3174,12,41
3175,9,51,45
3176,10,46
-666
3178,16
3179,19,42
3180,16,51,49
3181,15
-666,44
-666,51
3184,19,55,50
3185,10,40
-666,40
-666,51
-666,46
3189,14,49
3190,16,51
3191,14,55
3192,14
3193,16,45
-666,42
3195,16,41,40
3196,16
-666,42
3198,12
3199,16,48
3200,19,54
3201,16,40
-666,40
-666,54
3204,16,50
3205,8,41
-666,53
3207,12,52
3208,15,48
3209,21,40
-666,53
-666
3212,14,44
-666,50
3214,10
3215,15,51
3216,22,50
3217,19,48
3218,8
-666,42
-666,46
3221,15,49
3222,9,43
3223,19,46
-666,55
3225,16,49
-666
3227,15
-666,48
-666,41
-666,44
-666,42
-666,45
-666,50
3234,15,49
-666,54
3236,14,46
-666,51
3238,15
-666,51
3240,11,41
-666,51
3242,14
-666,47,45
-666,43
3245,21,49
3246,10,53
3247,16,51
3248,16,54,43
3249,21
-666,47
3251,16,54
-666
3253,16
3254,16,55
3255,15,52
-666
-666,55,40
-666
3259,22
3260,23,12
3261,16,40
3262,15,55
3263,16,40
3264,16
3265,14,50
-666
3267,16,52
3268,8,48
-666
-666,55,54,40
-666,49
3272,14,51
3273,12,53
3274,16,53
-666,54
-666,51
3277,14,48
-666
3279,16,42
-666,53
-666,41
3282,19,54
3283,12
3284,22,51
-666,42
3286,16
3287,16
3288,16,54
3289,15,53
3290,16
-666,45
-666
3293,15,40
-666,53
3295,16,51
3296,9,50
3297,22,40
-666,40
3299,15,44
3300,16
3301,16,53
3302,16
-666,47
3304,19,48
3305,16,41
-666,51
3307,16,55
-666,53
-666,40
3310,16,43
3311,14,53
3312,19
-666,54
3314,16,53
-666,46
-666,47
-666,51
-666
-666,51
3320,15,43
3321,15,41
-666,42
3323,16,42
3324,15
-666,46
3326,15,53,50
3327,16,49
-666,49
3329,14
3330,15,53
3331,12
3332,9,50
-666
-666,42
-666,48,41
-666,51
3337,16,53
3338,16,41
3339,16,51,42
3340,16,55
3341,15
3342,16,53
-666,48
3344,22,51
3345,13,46
3346,10,42
3347,15,55
3348,19,46
-666,44,41
-666,44
-666
-666,47
-666
3354,16,55,40
3355,10,55
3356,20,54,41
-666
-666
3359,16,44
3360,15,48
3361,16,50,45
-666,43
3363,16,52
-666,49
3365,16
3366,16,41
3367,16,48
3368,10,44
-666,41
3370,22,41
-666,54
3372,22,44
3373,15,12,48
3374,13,54
3375,22,50
3376,8,42
3377,16
3378,16,52
3379,21,49
3380,10
-666,48
3382,12,46
3383,10,50,40
-666,55
-666,40
3386,15,54,49
3387,12,43
3388,12,51,44
-666,54
-666,41
3391,14
3392,12,45
3393,15,40
-666,41
3395,10
3396,16
3397,14,52,44
3398,15
-666,46
3400,16,43
3401,8,40
-666,51,40
3403,9,41
-666,52
-666
-666,41
3407,16,49
3408,8,51
-666,44
-666
-666,42
3412,15,54
-666,54
3414,16,53
3415,21,42
3416,16,49
-666,45
3418,15,42
-666,48,41
-666,50
3421,16,45
3422,16,49,46
3423,15,55
3424,19,52
3425,10
3426,16,41
3427,16,44
3428,10,44
-666,55
-666,50
3431,16,41
-666,44
-666,53
-666,52
3435,15,52
3436,11,45
3437,15,41
3438,16,44
3439,19,41
3440,15,51
3441,15,51
3442,22,48
-666,40
3444,16,49
3445,22,40
3446,14,44
3447,16,44
3448,19,52
3449,16,48
3450,16,41
3451,21,47
3452,16,46
-666,42
3454,15,53
-666,49
-666,40
3457,21
3458,14,49
3459,10,54
3460,21,53
3461,16,46
3462,14,46
-666
-666,45
3465,14
-666,52
3467,16
3468,15,51
3469,19,42
-666,41
-666,50
3472,15,54
3473,19,51
-666,46
3475,16
3476,12,45
3477,16,41
3478,14
3479,8,44
-666,44
-666,55,40
3482,15,49
-666,51
3484,21,55,50
-666,42
3486,12
3487,22,51
3488,10,45
3489,15,44
3490,13,53
-666,48
3492,10,51
-666,50
3494,15,42
3495,10,55,44
3496,16,40
3497,14,41
-666,53
3499,16
3500,18,52
3501,15,46
-666,44
3503,16,50
3504,14,47
-666
-666,47
-666
3508,16,45
3509,16,53
3510,15,54
-666,55
3512,16,44
3513,16,40
3514,14,46
-666,42
3516,16
3517,15,43
-666
3519,16,44
3520,8
-666,55
-666,44
3523,16,46
3524,15,49
-666,43
3526,15,42
3527,14,47
3528,16,43
3529,8,47
3530,10,54
-666,42
-666,54
3533,22,46,42
3534,19,54
-666,43
3536,12,52
3537,22,52
3538,10
3539,16,55,53,48,46
3540,22
-666,44
-666,53
3543,16,42
3544,19,51
-666
-666,52
-666,41
3548,16,48,46
3549,17,40
3550,10,50
3551,8,41
-666,49
-666
3554,16
3555,22
3556,14
3557,19,51
3558,16,40
3559,16,50
3560,9,55,40
3561,16,42
3562,16,55,40
3563,15,42
3564,10,51
3565,16,43
3566,12,41
-666,53
3568,16,54
-666,51
3570,15,48
3571,14,54
3572,14,54
3573,10,44
3574,16,40
-666,51
-666,55
-666,51
3578,16,42
3579,15
3580,19,47
-666,41
3582,16,55
-666
3584,16,42
-666,50
3586,16,52
3587,16,50
3588,16,40
3589,22,51
3590,16,45
3591,14,49
3592,14,55
3593,8,48
3594,9
3595,16,55
-666,45
3597,22
3598,16,42
3599,16,40
-666,55
3601,16
3602,10,45
3603,12,48
3604,15,49
-666,55
-666,43
3607,21,52
3608,15,44
-666
-666,53
3611,10,53
3612,14,54
3613,16
-666,51
3615,16,48
-666,43
3617,16
3618,19,55
3619,15,51
3620,16,51
3621,15
3622,15
3623,16,40
-666
3625,16,48
-666,44
-666
3628,15,54
-666
3630,15,46
3631,14
3632,16,53
3633,15,46,43
3634,16
3635,15
3636,19,54
3637,14,52
3638,16,51
3639,8,51
3640,12
-666,53
3642,10,52
3643,19,44
3644,17,44
3645,15,43
-666,47
3647,14,40
-666,54
3649,15
3650,21,40
-666,42
-666,55,42
3653,8,54
-666,41
-666,40
3656,22,42
-666,45
3658,16,46
3659,16,51
3660,16,54
-666,45
-666,42
3663,8
-666,48
3665,16,44
-666
-666,46
3668,16,54
-666,40
3670,16,47
-666,52
-666,44
3673,15,55
3674,15,44
3675,16,48
3676,15,54
-666
3678,15,43
3679,19,42
3680,14,44
3681,12,50
3682,19,45
-666,40
3684,16
3685,16,52
-666,48
3687,11,50
-666,42
3689,16,48
3690,14,49
3691,16,44
3692,15,48
3693,16,42
-666,42
3695,14
3696,15,51
-666,52
3698,15,46
3699,15,41
-666,54
-666,40
-666
3703,15,53
-666,53
3705,22
3706,16,55
3707,16,42
-666,45
3709,16,53,49
3710,10,45
3711,15,52
3712,14,48
-666,53
-666,52
3715,16,48
3716,16,42
-666
-666
3719,22,51
3720,16,48
3721,23,50
-666
3723,16,55,40
-666,47
3725,14,49
-666,44
-666,40
3728,16,53
3729,16,48
3730,10,41
-666,47
3732,21,55,40
3733,16,10,52
3734,16
-666,50
-666,41
-666,50
3738,15,52
3739,14,44
-666,42
3741,14,55
3742,15
-666,54
3744,16,55,52
3745,15,49
3746,17,54
3747,16,55
-666,53
3749,15
3750,12,43
-666,51
3752,16
3753,10,40
3754,16,43
3755,8
3756,14,50
3757,15
3758,15
3759,16
3760,16,49
-666,43
3762,12,43
3763,15
-666,54,43
-666
3766,21
3767,10
-666,48
3769,21,53
3770,16,42
-666,42
3772,15,45
-666,40
3774,16,40
3775,13,43
3776,12
3777,10
3778,19,43
-666,53
3780,19,53
-666,40
-666,52
-666
3784,16,51,46
-666,41
3786,8,53
3787,15,53
3788,16,53,51
3789,16,41
3790,10,51,46
3791,14,42
3792,22,54
3793,16,42
3794,16,53
-666,42
-666,53
3797,15,42
3798,8,42
3799,21,51
3800,16,50
3801,22
-666,49
3803,16
3804,19,55
3805,15,53
-666,53,50
3807,15,49
-666,48
-666
-666,54
-666,49
3812,12,51
-666,42
3814,15,53
3815,16,52
3816,14
3817,14
3818,12
3819,14,55
3820,16,52
3821,16,42
3822,16
3823,22,45
3824,15,47
3825,15,46
3826,16,40
3827,16,51
3828,10,50
3829,16
3830,16,44
3831,16,43
3832,15
3833,16,41
-666,51
3835,10,41
-666,55
3837,15,45,43
3838,19,53,52,40
3839,16,51
-666,42
-666,41
3842,16,46
3843,16
3844,8,50
-666
3846,15,41
-666,42
3848,15,46
-666
-666,51
3851,15,48
-666
3853,19,18,14,9,55,54,53,51,49,48,47,46,40
3854,14,53
3855,17,40
-666,48
3857,19,40
-666,50
3859,22,52,47
3860,15,42
3861,15,51
3862,10
3863,15,42
3864,16,53
-666
3866,15,54
3867,15,52
3868,8,51
-666,50
-666,51
3871,16,54
-666,52,44
3873,15,47
-666,51
-666,53
3876,12,49
3877,22,42
-666,53
3879,15,55
-666,41
3881,17,16,14,13,10,51,48,47,42,41
3882,16,46
3883,12,49
-666,42
-666,55,53,41
3886,16,42
3887,16,54
3888,19,40
-666
3890,12,43
3891,10,40
3892,16,41
3893,21,45
3894,16
-666,55
3896,17,42
3897,16,48
3898,16,52
-666,53
-666,52
3901,15,40
3902,14,42
3903,14,48
3904,22,43
3905,16,51
3906,16,50
3907,8,52
3908,16
3909,14,55
3910,15,53,46
3911,19,51,41
3912,16,50
3913,16
3914,12,44
3915,19,55
-666
-666
3918,15,40
3919,10
-666,54,41
3921,16,48
3922,22,45
3923,14,51
3924,16,48
3925,14,48
3926,22,55
3927,14,43
3928,15,40
3929,15,50
3930,21,53,52
3931,15,47
3932,22
3933,14,43
3934,10,48
3935,22,54,53
3936,22,54,44
3937,10,44
-666,44
-666,40
3940,22,50
3941,16,42
3942,16,40
3943,16,48
3944,16
3945,15,41
-666
3947,19,54
3948,16,54,40
3949,15,47
3950,16,55
3951,8,50
3952,16,50
-666,48
3954,16
3955,12
-666,41
3957,9,54
3958,22,40
-666,50
-666,49
3961,22
3962,16,46
3963,16,41
3964,16,42
3965,9,40
-666,41
3967,15,44
-666,46
3969,22,47
3970,21,45,42
3971,16,53
-666,51
3973,12
-666,43
3975,13,48
-666,44
3977,16,55
3978,8,40
3979,19,53
3980,14
3981,21,54
-666,44
-666,49,47
3984,22
3985,15,43
-666,55
-666
3988,15,40
3989,19,50
3990,16,52
3991,8,55
3992,12
-666,46
3994,16,52
3995,8,40
-666,40
3997,22,46
-666,44
-666
4000,10,54
4001,15,46
-666,53
4003,15,40
4004,15,40
4005,15,55,46
-666
-666,47
4008,10,53
-666,46
4010,19,53
4011,14,54,40
4012,16,53
4013,16,51
-666,49
4015,15,49
4016,12,53
-666
4018,16,48
-666,40
4020,16,50
-666,40
-666
4023,16,52,40
4024,16,47
-666,43
4026,10,52
4027,15,52
-666,54
-666,47
4030,16,40
-666,49
4032,14,53
-666,53,47
4034,10
4035,14,44
4036,16,54
4037,15,40
4038,16,46
4039,14
4040,16,51
4041,16,49
-666,50
4043,16,50,45
-666,51
-666,43
4046,16,48
4047,16
4048,16,55,49,40
4049,15,53
-666,44
-666,42
-666,54
4053,16,40
4054,22
4055,16,46
4056,8,42
-666
4058,14,51,43
4059,16,44
4060,15,48
4061,12,52,50
4062,22,53
-666
4064,15,44
4065,16,49
4066,16
-666,51
4068,13,52
4069,21,42
4070,15,53
4071,16,51,41
4072,19,51
4073,8,48
4074,22,54
-666,47
4076,14,52
-666
-666,49
4079,16,54
4080,15,41
-666,53
4082,10,40
4083,16,54
4084,15
4085,22,52
4086,16,54
4087,15,42
-666,42
4089,15,45
-666,43
4091,9,48
4092,15,50
4093,22,54
4094,16,53
4095,16,53
-666
-666,53
-666,47
4099,16,55,50
-666
4101,15,13,41
4102,16,42,41
4103,16,49
4104,14,50
4105,14,48
4106,15
4107,16,46
-666,45
-666,55
4110,16,54
4111,16,44
4112,15,43
4113,14,55,47
4114,20,43
4115,16,53
4116,12
4117,14,42
4118,15,41
4119,15
-666,54
4121,22,42
4122,19,44
-666,51
-666,52,44
-666,46
-666,44,40
-666,43
4128,16,43
4129,16,54
4130,10,40
-666
4132,15,42
4133,14,55
-666,49,48
4135,14,51
4136,16
-666,48
-666,48
-666,52
-666,41
4141,16,42,41
4142,15,52
-666,47
-666,48
4145,23,11,51,48,46,40
-666,42
4147,22,54
4148,14,43
4149,16,50
4150,15,51
-666
-666,40
-666,48
4154,21,54
4155,22
-666,55,53
-666
4158,16,47
4159,10,54
4160,16,53
-666,44
4162,15,47
4163,10,45
4164,16
4165,16
4166,22,41
4167,16,55
4168,22,48
-666
4170,15,55,46
-666,47
4172,10
-666,41
4174,15,45
-666,55
4176,15,48
4177,19
4178,22,48
4179,14,41
-666,50
4181,22,41
4182,16,42
4183,19,51,45
4184,10,50
4185,14,41
4186,11,44
4187,16,52
-666,46
4189,16,40
4190,19,41
4191,12,41
4192,13,49
4193,15,52
4194,16
-666,55
4196,16,47
4197,12,44,41
-666
-666,53
-666,41
4201,22,44
4202,16,53
-666,40
-666,42
4205,13,40
-666,52
4207,8,44
4208,8,41
-666,55
4210,14,51
4211,12,45
4212,12,41
4213,14,51
4214,22,48
4215,14,51
-666,50,41
4217,14
4218,15,47
4219,16,53
-666,47
4221,16,48
4222,15
-666
4224,16,55
4225,12
4226,16,52
-666
-666,44
4229,16,42
4230,10,55
4231,15,52
4232,16,50
-666
4234,16,15,47
-666,49
4236,14,53
-666,44,40
4238,15,40
4239,15,44
4240,16,52
-666,47
4242,15,49
4243,16,52
-666
4245,8
4246,14,52
-666,54
4248,9,42
-666,40
4250,15,54
4251,14,55,40
4252,8
-666,52
4254,16,54
4255,16,52
-666,54,44
4257,16,54
4258,16,54
4259,10,55
-666,44
4261,15,45
-666,53
-666,53
-666,40
4265,16,51
4266,12,53
4267,19
-666,41
-666,45
4270,11,52
-666,40
4272,16,47
4273,14,55
4274,12,40
4275,22,51
4276,22,44
-666,42
4278,16
4279,16,42
-666,54
4281,16
4282,15,41
-666,42
4284,12,51
4285,15
4286,16,48
-666,43
4288,16
4289,20,48
-666,53
4291,16,55
4292,16,51
-666,44
4294,12,48
4295,16,55
4296,14
-666
4298,16,46
4299,10,52
4300,22,55
4301,22,47
4302,16,52
-666
4304,22,53
-666,48
-666,49,40
-666,41
4308,16,53
4309,19,54
4310,19
-666,55
4312,10,48
-666,52
4314,21,45
4315,15,47
-666,50
4317,17,45
4318,8,51
4319,16
-666,48
4321,19,52
-666,55
-666,54
-666,40
-666,40
4326,22,54,44
4327,16,51
4328,17,14,13,10,9,54,52,51,48,47,44,43,41
4329,11,48
-666,45
4331,16,40
4332,16
4333,10
4334,15,48
4335,10,52
-666,47
4337,15,51
-666,44
4339,15,42
4340,19,42
4341,16,55
-666,53
4343,16,44
4344,16,54
4345,14,50
4346,22,45
4347,16,43
4348,15,53
4349,16,55
4350,16,51
-666,55,44,40
-666,55
4353,15,51
4354,21,42
4355,16,45
4356,16,53
4357,17
4358,15
-666,48
-666,45
4361,22,40
4362,8,48
4363,15,54
-666
4365,10
-666,53
4367,9,48
-666,45
4369,19
4370,16,41
-666,53
4372,22,53
4373,14,54
4374,16,47
4375,19,48
4376,22,48
4377,12,42
-666,51
-666,54
4380,14,47
-666,52
4382,8,41
4383,14,50
-666,53
-666,50
4386,16
-666
4388,14,51
4389,16,43
-666,53
4391,9
4392,9,43
4393,16,50
4394,21,40
-666,55,40
4396,16,47,42
4397,15,53,49
-666,52
-666,40
-666,44
4401,16
-666,42
4403,16,50,47
-666,42
4405,12,46,44
-666,54
-666,55
-666,43
4409,14,47
4410,14,51
4411,22,54
4412,8,54
4413,12,51
4414,8,42
4415,10,44
-666,50
4417,16,51
4418,10
-666,48
4420,16,50
-666,47
4422,17
4423,14,55,40
-666
4425,22,40
-666,53
4427,16
-666,44
4429,15,50
-666,40
4431,22,55
4432,16,53
-666,54
-666,55
4435,15,50
-666,50
4437,8,42
4438,22,46
4439,14
4440,10,55,44
4441,10,51
4442,16,48
4443,8,43
4444,14,50
-666,42
-666,51
-666,47
4448,14,52
-666,55,52
4450,16,55
-666
4452,22,55
4453,16
-666,53
4455,16,41
-666,41
-666,51
4458,16,45,40
4459,16,51
4460,16,54
-666,53,46
4462,16,43
4463,15,55
4464,15,54
4465,16,48
4466,16
-666,51
-666,49
4469,19,40
4470,16,53
4471,10,52
4472,14
4473,8,48
4474,15,54
4475,14,41
-666,52
4477,14,48
-666,43
-666,46
-666,47
4481,16,53
-666,55
4483,16,43
4484,22,40
-666,42
-666,52
-666,51
4488,16,54
-666,49
4490,13,40
4491,15,48
-666,40
4493,19
-666,47
4495,16,51
-666,44
-666,54
4498,16,51
4499,12,50
4500,16,44
4501,8,55
4502,14,54
4503,18,51
4504,14,42
4505,15,53
4506,14,52
4507,21,48
4508,14,48
4509,16
4510,15,42
4511,16,42
-666,51
4513,12,54
4514,16,55
-666,41
-666
4517,10,42
4518,8,52
4519,8,55
-666
4521,16,41
-666,40
-666,55
4524,19,51
4525,15,51
-666,50
-666
-666,54,41
4529,14,44
-666,42
4531,15
4532,22,53
-666,44
4534,12,51
4535,14,9
4536,14,40
4537,19,52
-666,48
4539,15,42
4540,10,54
4541,21,50
-666
-666,51
4544,16,48
4545,15,55
-666
4547,14
4548,14
4549,12
4550,14,42
-666,50
4552,16
4553,10,42
4554,12,40
-666,53
4556,16,54
4557,16
4558,16,53
4559,16,54
4560,16,49
4561,8,55,51
4562,15
4563,15,41
4564,16
4565,16,51
4566,16
4567,22,15,12,8,53,51,50,46,45,40
4568,22,50
4569,17,14,13,50,49,47,44
4570,16,40
4571,15,43
4572,16
4573,10,40
4574,8,54,46
4575,19
4576,15,51
4577,14,44
-666,52
-666,52
4580,14
-666,41
4582,15
-666,40
4584,10,48
4585,16,55
4586,16,52
4587,16,48
4588,22,43
-666,42,40
4590,21,46
4591,14,50
4592,16,48
-666,53
4594,19,44
4595,23,22,17,15,12,10,8,55,53,51,49,48,47,44,42,41,40
4596,16,53
-666,52
4598,16,50
4599,19,45
-666,45
4601,15,46
-666,48
4603,19,48
4604,15
4605,15,44
4606,16,54
-666,53
4608,10
4609,16,44
-666,48
-666,51
4612,20,46
-666,50
4614,15
4615,20,55
-666,52,42
-666,41
4618,14,54,53
-666,40
4620,15,42
4621,16,48
4622,16
4623,22
-666,54
-666,40
4626,16,42
4627,12,43
-666,48
-666,45
4630,10,53
4631,9,47
-666,40
-666,51
4634,14
4635,15
4636,16,46
-666
-666,44
4639,20
4640,16,45
4641,16,54
-666,50
4643,10,48
-666,54,40
4645,16,51,42
4646,16,49
-666,48
-666,50
4649,21,48
-666,40
-666
4652,15,53
4653,16,51,41
4654,14,51
4655,15,54
-666,47
-666,41
4658,10
4659,12
4660,16,42
4661,15,52
4662,22,51
4663,8,52
4664,11,42
4665,14,46
4666,22,45
4667,13
-666,44
4669,12,50
-666,55
4671,14,48
4672,16,40
-666,42
-666,53,44
4675,16
4676,16,40
4677,16
4678,8,53
4679,19,41
4680,14,55
4681,16,47
-666,42
4683,8,42
-666,52
4685,16,49
4686,14,41
-666,46
-666,40
4689,16
4690,22,48
4691,12,11,50
4692,15,51
4693,16,51
4694,15
-666,48
-666,46
4697,21,40
4698,10,42
4699,14,41
-666
4701,12,53
-666,52
4703,8
4704,9,53
4705,14,46
-666,51,49
-666,51
-666,52
4709,14,44
4710,19,51
4711,10,53
-666,43
4713,16,51
4714,21,9,53,51,48,45,42
4715,16,53
4716,22,53
-666,51
4718,8
-666,53
4720,15,46
4721,19,40
4722,15,55
-666,40
4724,19
-666
4726,10,54
-666,42
-666,55
-666,53
-666,47
4731,16,42
4732,22
-666
-666,54
4735,14,42
4736,14,50
4737,18,52
4738,14,53
4739,15,41
-666
4741,16,48
4742,21
-666,45
4744,14,42
-666,53
4746,8,55
4747,15,48
-666,55
4749,16,54
4750,15
4751,16,55
-666,55,52,40
4753,16,53
-666
4755,16,54
4756,14,42
4757,10,40
4758,21
4759,16,45
-666,42
-666,41
-666,43
-666,44
4764,16
4765,16,51
-666
4767,15,41
4768,10,43
4769,19,44
4770,12,45
4771,16,44
4772,15,49
-666,45
-666,53
4775,16,44
-666,54
-666
-666,42
-666,46
4780,15,52
4781,21,49
4782,14,51
4783,16,40
4784,16,42
-666
4786,16,50
4787,12,45
-666,45
4789,12,46
-666,42
4791,12,42
4792,15,55,40
4793,16,47,40
4794,8,48
4795,15,43
4796,16,41
4797,16
4798,18,54
4799,12,54
4800,16,42
4801,16,46
4802,16,48
4803,16,48
4804,15,44
-666,55
4806,14,54
-666,54
4808,15,44
4809,16,42
4810,16,50
4811,8,55,40
4812,16,45
4813,16,53
4814,9,46
-666
4816,16,44
4817,16,48
4818,16,51
4819,16
-666
-666,52,43,42
4822,14,51
4823,16,54
4824,8
-666,51
-666,43
-666,52
4828,16,50
4829,16
4830,23,40
4831,14,13,9,54,52,51,49,46
4832,22,52
4833,19
-666,49
4835,14,50
4836,9,54,53
-666,40
-666,51
4839,15,55
4840,22,40
-666,50,47
4842,15,48,43
4843,16,53
4844,8,43
-666,53
4846,14,53
4847,19,48,42
4848,22,40
4849,22,51
4850,10,55
4851,16,42
4852,14,45
4853,16
4854,12,54,41
4855,14,48
4856,21,43
4857,12,51
-666,49
4859,10
4860,16,53
4861,15,54
4862,16,45
4863,15,48
4864,16,48
-666,50
4866,14,51
4867,15,55
4868,16,46
4869,15,54
-666
4871,8,53
-666,46
4873,10,42
4874,16,51,49
4875,15,54
4876,10
4877,16
4878,16,55
4879,8
4880,22
4881,16,49
-666,52
4883,16,53
4884,10,47
-666,48
4886,15,53
4887,21,46
-666,42
4889,19,54
-666,40
4891,19,48
4892,14,53
4893,15,53
-666,54
4895,11,53
4896,19,52
4897,16
4898,16,42
4899,14,40
4900,16,55
-666,51,40
4902,14,42
4903,16,45
4904,22,8,49,47
4905,16,51
4906,9,49
4907,16,43
4908,16
-666,51
4910,15,55
4911,16
4912,16,53
4913,8,54
4914,16,53
-666,43,40
-666,54
4917,12,51
4918,19,51
-666
4920,14,41
4921,15,41
-666
4923,16,43
4924,11,53
-666,40
4926,16
4927,16,44
4928,19,50
4929,14
4930,11,48
4931,16
4932,22,41
4933,16,52
4934,16,44
4935,8,44,41
-666,53
4937,16,40
-666,48
-666,51
-666,46
4941,22,45
4942,14,45
-666
-666,54,50
-666,55
4946,19
4947,22,55
4948,10,45
-666,51
4950,16,42
4951,16,48
4952,10,55,40
4953,8,44
4954,15,55
-666
4956,10,49
-666
4958,14,47
-666,40
4960,18,53
4961,16,50
-666,44
4963,16,53
4964,15,48,40
4965,14,48
4966,10,54
4967,16
-666,42
4969,21,55
-666,53
4971,16,54
4972,8,45
4973,14,51
4974,22,41
4975,10,44
4976,13,40
-666,44
4978,17,41
-666,55,40
4980,12,49
-666,55
-666
-666,51
4984,14
4985,8,50
4986,16,55
4987,22,48
4988,12,44
4989,14,50
-666,55
4991,14,42
4992,12,52
-666,43
4994,16,42
4995,15
4996,14,55
-666,52
4998,16,50
4999,21,48
5000,16,42
5001,10,8
-666
5003,22,53
5004,10,45
5005,16,55
5006,16,53
-666,54
5008,16,54,40
-666
5010,15,55,45
5011,14
-666,42
-666
5014,16
-666,40
5016,10,50
5017,14,43
-666,48
5019,16,48
-666,47
5021,16,51
5022,16,51
5023,16,46
-666
-666,55
5026,14,51
-666,45
-666,47
5029,14,54,53
5030,15,51
5031,16,41
5032,16,53,40
5033,14,54
5034,22,49
5035,16,44
5036,19,52
5037,16,48
-666,54
5039,16,51
5040,16
5041,19,42
5042,16,51
-666,53,45
5044,16
5045,16,53
5046,16
5047,16,55
-666,55,40
5049,16
-666,42
5051,22,49
-666,53
5053,9,48
5054,8,51
-666,55
-666,54
5057,10,53
5058,16
5059,14,44
5060,16,49
5061,19,43
-666,44
-666,41
5064,8,50
-666,53
5066,8,46
5067,12,55,48
5068,16
5069,16,51
5070,16,44
5071,19,41
5072,14,44
5073,14,54
-666
5075,16,40
5076,19
5077,16,40
-666,42
-666
5080,16,43
5081,19,48
5082,8,40
-666,40
5084,21,47
-666
5086,12,46
5087,12,52
5088,16,52
5089,15,47
-666,48
-666,46
-666,51
5093,16
5094,19,46
5095,14,44
-666,49
5097,15,44
-666,42
5099,21
5100,19,53
-666
5102,17,55,40
-666,55
-666,54
5105,22,40
-666,52,47
-666,51
5108,12,52
-666,47
5110,8,51
5111,10,53
-666,53
5113,15,40
5114,15
-666,41
5116,15,41
-666,47
-666
5119,17,51
5120,14,52
5121,15,53
-666,53
5123,16,55
-666
5125,16,45
-666,52
5127,15,51
-666,50
-666,52
5130,16,53,40
5131,12,40
5132,16,51
-666,51
5134,12
-666,46
5136,16,52
5137,8
-666,40
5139,16
-666,55
5141,15,46
-666,53
5143,16,51
-666,49
-666,40
5146,12,42
5147,14,51,48
5148,10,44
5149,16,54
-666,42
5151,16,55,53
-666,40
5153,16,53
5154,12,44
5155,15,50
5156,15,45
-666,54
5158,15
-666,51
5160,15,40
-666,50
-666,55
5163,16,46
-666,55
5165,14,40
-666,42
5167,14,54
-666
5169,8,40
5170,12,49
5171,14,45
5172,12
5173,9,51,41
5174,21,55
-666,47
5176,22,40
-666,49
-666,51
-666,40
5180,16,52
5181,15,42
-666
-666,51,41
5184,8,42
-666,51
5186,16,48
5187,22,52,51
5188,15,42
-666
5190,16,54
-666
-666,48
-666,41
5194,16,53
5195,15
5196,16,49
5197,22,51,44
5198,10,53
-666,42
5200,16,40
5201,21,47
5202,16,43,40
5203,13,53
5204,15,51
5205,15,41
5206,13
5207,12,44
5208,23
5209,15,45
-666,52
5211,16,53
5212,12,53
-666,43
5214,15,48
-666,52
5216,16,50
5217,16,55
-666
5219,10
5220,16,51
5221,15,51
-666,48
5223,13,50
-666
5225,16,51,50
5226,22,54
-666,44
5228,16,48
-666
-666,40
5231,22,54
5232,16,42
5233,12,41
5234,15
5235,16,44
-666,47
5237,22
5238,15,55
-666,47
5240,8,53
-666,51,43
-666
-666,43
-666,44
-666,52
5246,16,46,41
-666
5248,16
5249,16,47
5250,16,40
5251,10,40
5252,14,43
5253,16
5254,16
-666,51
-666,51
5257,16,42
5258,12,42
5259,15,46
-666,41
-666,51
5262,15,53
5263,16,52
5264,14,53
5265,14,52
5266,8,54
-666,53
-666,49
5269,18,42
5270,11,52
5271,21,47
5272,22
-666,54,53
-666,54
5275,16,44
-666
-666
5278,16,47
5279,8,53
-666,55
5281,16
5282,16,50
-666,55,40
5284,9,53
-666,46
5286,15
5287,10,53
-666,45
5289,15,40
5290,15
-666,41
5292,8,47
-666,52,42
-666,43
5295,23,52
5296,12,52
5297,16
5298,14,52
-666,48
5300,15,44
5301,12,55
-666
-666,40
5304,16
5305,23
5306,8,55,53
-666,40
5308,15,52,40
5309,16,42
5310,22,54
-666,41
5312,21,55
5313,14,52
-666,52
5315,12,53
5316,10
-666
5318,12,43
-666,47
5320,16,53
5321,18,13,10,54,53,49,46,45,42,40
5322,22
5323,16,48
-666,51
5325,16
-666,51
-666,50
5328,14,55
5329,16
-666,52
-666,51
-666,40
5333,15,41
5334,16,51
5335,22,45
5336,22
5337,16
5338,19,51,50
5339,8,52
-666,51
-666,49
5342,16,55,40
-666,42
5344,16,45
5345,16
5346,14,53
5347,16,42
5348,16
5349,22,53
5350,12,44
-666,53
-666,51
-666,51
5354,8,52,41
5355,16,53
5356,16,53
5357,16,46
5358,16,55
5359,16
-666,45
5361,21,48
-666
-666,53
-666,51
-666,54
5366,22
5367,19,48
-666,41
-666,40
-666,41
5371,9,54
-666,49
5373,15,47
5374,15,53
-666,53
-666
5377,16,43
5378,12,48,41
5379,12,55
5380,19,42
5381,16,50,47
5382,16,42
5383,16,52
-666,40
5385,15
5386,19,52,44
5387,8,44
-666,42
5389,10,52,42
5390,16,48
5391,15,48
-666,55
5393,21,10,51
5394,10,40
-666,41
5396,19,54
5397,21,42
-666,51
5399,13,41
-666,48
-666,48
5402,15,53
5403,15
-666,55
-666,44
5406,14,46
-666
5408,8,55,40
5409,22,55
-666,51
-666,44
5412,16,48
-666,54
5414,8,43
-666,53
-666,40
5417,16,47
5418,19,48
5419,19,51
5420,14,55
5421,16
-666,44
5423,16,40
5424,15,40
5425,14,46
5426,21,54
-666,48
5428,16,46
5429,16,42
-666,41
-666,54
5432,10
-666,53,40
5434,8,54,45
5435,16
5436,10,45
5437,21
-666,45
5439,21,48
-666,41
-666,42
5442,12,44
5443,16,55
5444,16,46
5445,14,55
-666,41
5447,14,45
-666,53
5449,10,49,43
5450,16,43
5451,13,44
5452,12,48
5453,14,42
5454,21,14,13,10,9,54,52,51,49,48
5455,16,42
5456,16,44
-666,52
5458,15,51
-666,46
5460,15,53
5461,18,52
5462,12,41
5463,14,44
5464,16,52
-666,53
5466,16,50
5467,22
5468,14,45
5469,15,52
5470,15,54,40
-666
5472,19,53
5473,16
5474,15,46
-666,55
5476,16,53
5477,15,44
5478,15,51
5479,15,48
5480,14,55
5481,8,40
-666,52
5483,14,53
5484,22,40
5485,21,41
5486,8,47
5487,14,40
5488,16,53
-666,54,49
-666,43
5491,15,44
-666
-666
5494,22,40
-666
5496,22,53
-666
5498,15,41
-666
-666,46,42
-666
5502,14
5503,10,44
5504,12,40
5505,19,54
-666,45
5507,16,43
-666,52
5509,16,52
5510,16,55
-666
-666,40
5513,21,53
5514,15,54,53
5515,21,46
5516,22,44
5517,15
-666,55
-666
5520,22,48
5521,16,50
5522,14,51
5523,22,42
-666,54
5525,16,51
-666
-666,45
5528,13,44
5529,21,15
-666,42
-666,51
5532,10,40
-666,51
5534,16,46
5535,15,41
-666,45
5537,16,40
5538,16,42
-666
5540,16,42
-666,40
-666,41
5543,15,51
-666,47
5545,21,42
-666,52,41
5547,14,51,40
-666,43
-666,44
5550,16,42
5551,16
-666
-666,44,40
-666,55
5555,16
5556,16,53
5557,16
-666
-666,44
5560,16,54
-666,53
5562,16
-666,47
5564,16
5565,15,55
5566,21,46
5567,16,51
5568,22,53
5569,8
5570,16,53
-666,55,40
5572,14,53
5573,16,55
5574,16,55
5575,16,43
-666,40
5577,15,44
5578,16,44
-666,42
5580,19,53
-666,40
5582,16,44
5583,16,54
5584,17,44
-666,48
5586,22
5587,17,51
5588,10,53
5589,21,42
5590,14,46
5591,15
5592,16,40
5593,22,41
5594,15,51
-666
5596,15,53
-666,55,40
5598,19
5599,16,49
5600,21,42
5601,16
5602,10,54
-666,42
5604,15,55
5605,18,12,53,52,44,42
5606,15,53
5607,21,41
5608,8,48
5609,16,42
5610,16
5611,12,43
-666
-666,52
5614,16,50
5615,22,42
5616,16,43
-666,54
5618,8,45
5619,16
5620,8,52
5621,19,52
5622,16
5623,22,15,8,50,49,47,44,43
-666,55
-666,44
5626,15,48
-666,41
5628,15,41
-666
5630,15,51,40
5631,19,13,54,53,50,43
5632,16,55
-666,53
5634,16,54
-666,40
-666,51
-666,48
5638,16,40
5639,16,49
-666,51
-666,44
5642,10,51
5643,16,43
5644,15,54
5645,16,51
-666,40
5647,10,53
5648,15,51
5649,22,53
-666,45
5651,15
5652,16,46
5653,14
5654,14
-666,53
-666,54
5657,22,53,52
5658,22
5659,10,51
-666,43
5661,16,48
5662,15
5663,12,42
5664,18,48
-666,46
5666,16,53
5667,16,40
5668,16,43
5669,15,51
5670,8,40
5671,16,54
-666
5673,14,55
5674,19,40
-666,53
-666,51,40
5677,16
5678,16,42
5679,8,42
-666,54
5681,16,55
5682,12,54
-666
5684,15
-666,53
5686,14,48
5687,9,55
5688,16,52
5689,10,44
5690,14
5691,16,55,40
-666,53
-666,51
5694,14
-666,49
5696,22,51
-666,42
-666,53
-666,52
5700,16,51
5701,21,44
-666,40
5703,16,42
5704,16,53
-666,41
5706,14,48
5707,15,52
-666,51,49
-666,53
5710,10,44
5711,10,40
5712,15,52
5713,14,40
-666,55
5715,12
-666,54
5717,16,55
5718,22
5719,16
5720,12,51
5721,17,47
-666,55
-666,42
5724,9,48
5725,15,40
5726,19,40
5727,16,47
5728,16,51
-666,40
5730,16,48
5731,16
5732,16
-666,40
-666,55
-666,45
5736,18,48
-666,50
5738,15
5739,16,43
5740,12
5741,15,53
-666,54
5743,16,51,50
-666,44
5745,15
-666,48
5747,16,50
5748,8,53
5749,22,51
5750,16,41
5751,16
-666
5753,12,51
-666,51
5755,22,42
5756,15,50
5757,15,50
5758,19
5759,16,42
5760,10,50
5761,14
5762,22,55
-666,45
5764,14,48
5765,22,51
5766,22,49
-666,51
-666,51
5769,16,47
5770,15,54,53
5771,11,44
5772,16,43
-666,53,48
5774,8,51
5775,21,47
5776,15,53,49
5777,13,52
-666,48
5779,16,44
5780,10,48
-666,46
-666,52
-666,41
5784,21,50
5785,19,10,51,49,47,45
5786,8,40
5787,16,48
5788,15,46
5789,14,53
-666,53,52
5791,9,53
5792,16,55,47
-666,55,40
5794,16,15,13,10,54,53,52,50,43
-666,40
-666,51
-666,48
-666
5799,19,51
5800,8,50
5801,16,41
-666,50
5803,16,46
-666
-666,49
5806,10,43
5807,20,10,53,50,43,40
-666
-666
-666
5811,16
5812,22
5813,16,42
5814,22,51
5815,15,40
-666,50
5817,15,46
-666,45
5819,22,42,40
5820,16,55,50
5821,15
5822,22
-666,41,40
-666,43
5825,16,45
5826,16,42
5827,14
5828,14,53
5829,12
-666,52
-666,50
5832,15,55
-666,49
-666,48
-666,53
-666
-666,52
5838,8,54
-666,49
5840,21,54
5841,19,43
-666,55,40
-666,40
5844,15,50
5845,16,55
5846,15,42
5847,10,44
5848,8
-666
5850,21
5851,10,55,49
5852,14,53
5853,21,42
5854,22,55
-666,40
-666,54
-666,40
-666,51
5859,17,47
5860,14
5861,15,42
5862,16,53
-666,51
5864,22
-666
5866,9,43
5867,19,55,40
5868,15,50
5869,15,47,40
-666,42
5871,8,55
5872,16,42,40
-666,40
-666,49
-666,52
-666,53
-666,40
5878,16,52
5879,16,52
-666,55
-666,44
-666,44,42
-666,48
5884,15,47
5885,12,53
5886,16,40
5887,16
5888,16,41
-666,48
5890,16,51
-666,44,42
5892,10,51
-666,55,40
-666,43
5895,16,54
5896,10,52
5897,14
-666,54
5899,16,46
5900,22,54
5901,19,52
5902,16,54,43
5903,16,51
-666,55
5905,14
-666,45
-666
-666,44
-666,49
-666
5911,16,50
-666
5913,14,49
5914,14,49
5915,16,55,50
-666,44
5917,15,53
5918,16,52
-666,44
5920,8,51
-666,42,41
5922,13,8,55
5923,14,51
5924,16
5925,14,45
5926,15,40
5927,15,41
5928,14,49,43
-666,44
5930,9,44
5931,16,47
-666
5933,16,41
-666
5935,15,51
5936,15,48
5937,16,40
5938,16,40
-666,40
-666,53
-666,51,47
5942,16,51
5943,15,53
5944,16
5945,10,53
5946,16,53
-666,55
5948,16,50
-666,53
5950,16,51
-666,51
5952,15,44
5953,16,55
5954,16,52
-666,47
5956,18,54
5957,10,44
5958,8,50
5959,10,43
5960,16,53
5961,16,51
-666,55
-666,54
5964,16,44
-666
5966,16,48
5967,16,40
-666,55
-666,50
-666,55,40
5971,14,54
-666,41
5973,16
5974,22,43
5975,16,50
-666,52
5977,15,51,50
5978,16,54
5979,14,55,46
5980,15,53
-666,48
-666,40
-666
5984,10,42
5985,14,53
-666,50
5987,16
5988,19,54
5989,16,50
5990,10,51
5991,15,41
5992,21,48
5993,16,45
5994,12
-666,41
5996,10
-666
-666,50
5999,15,54
6000,8,46
6001,14
-666
6003,15,43
6004,16
6005,19
6006,15,51,49
-666,51
-666,53
-666,41
6010,16,50
6011,22,52
6012,16
6013,8,40
6014,8,51
6015,15,54
6016,10,42
-666
6018,16,40
-666,42
6020,16
6021,16,51
6022,12,45
6023,19,42
6024,17,53
6025,16,55
6026,21,40
6027,21,40
-666
6029,16,42
6030,16,41
6031,8,48
-666,52
6033,16,55,42
-666,55
-666
-666,40
-666,42
6038,22
-666,45
6040,16,50
-666,42
6042,11,40
6043,14,47
6044,16,51
6045,19,54
6046,22,47,44
-666,55,54,49
6048,15
-666,54
6050,15,49
-666
-666,55,40
6053,22,55,40
6054,16,49
6055,16,53
-666,54
6057,14,48
6058,16
-666,54
6060,16,50
-666,42
6062,16,50
6063,10,51
6064,21,51
6065,16,44
6066,13,51
6067,13,49
-666,48
-666,43
6070,14,41
6071,21,54
6072,19,40
-666,52
6074,16,44
6075,22,50
6076,22
-666,45
-666,54
6079,19,54
6080,15,49
-666,52,48
-666,40
6083,16,51
-666,40
-666,44
6086,16
6087,16,53
6088,16,46
6089,15,46
-666,53
-666,52
-666,55
-666,40
6094,16,43
6095,15,46,44
-666,51
6097,10,43
6098,16,40
-666,49
6100,16,40
-666,49
6102,15,40
6103,16,41
6104,19
-666,52
-666,42
-666,51
6108,8,46
-666,41
-666
6111,16,52
6112,8,52
-666,40
6114,10,52
6115,12,45
-666,46
6117,14,55
-666,55,41,40
-666
-666,54
6121,16,44
6122,12,54,43
-666,47
-666,53
-666,45
6126,15,47
6127,16
6128,16,51
6129,21,42
-666
6131,10,52,44,43
-666,53
-666,47
6134,22,44
6135,21,49
6136,16,41
6137,16,55
6138,16,44
-666,53
6140,16,54
-666,55
6142,16,41
-666,43
6144,20,19,15,14,13,12,11,10,9,8,55,44
6145,15
-666,53
6147,16,41
6148,21,51
6149,12,55
-666
-666,55,40
6152,16
6153,21,41
6154,16
-666,52
-666,47
-666
-666,44
-666,45
6160,14,43
-666,44
6162,14,50
6163,14,44
-666
-666,54
-666,53
6167,16,43
6168,14,54
6169,12,49
6170,15,55,47
-666
6172,16,52
6173,16,47
-666
6175,15,48
6176,16,54
6177,15,55,51
-666,51
6179,10,46
-666
-666,55
6182,22,44
6183,16,46
-666,42
6185,14
6186,15
-666
6188,16,44
6189,22,41
6190,15,54
6191,11,51
-666,42
6193,10,52
6194,16,48
6195,21,47
6196,16,47
-666,49
-666,41
6199,19,49
6200,8,42
6201,15
6202,16,40
6203,15,52
-666,46
-666,53
6206,11,44
6207,16
6208,8,48
6209,19,49
-666
6211,12,53
-666,41
-666,54,44
6214,22,54
6215,22,40
6216,16,43
6217,14,51
6218,14,51
-666,48
-666,40
-666,41
6222,8,55
-666,45
-666,51
-666,43
-666,51,42
-666,44
6228,22,46
6229,15,52
6230,16
-666,55
6232,14
6233,15,49
6234,16,55,45
6235,14,44
6236,16,48
6237,9,53
-666,45,42
6239,16
6240,15,48
6241,19,48
6242,16,53
6243,16,52
6244,16,52
6245,16
6246,16,44
-666,53
-666,49
6249,15,44
6250,16,49
6251,16,53
6252,10,44
6253,12,54
-666,53
6255,14,40
-666,41
-666
-666,40
-666,44
6260,16,52
-666,55,53
6262,16,51
6263,15
-666,42
6265,13,53
-666,54
-666,54
6268,16
6269,20
6270,8,51
-666,43
-666,49
6273,16
6274,17,40
6275,16
6276,11
6277,22,52
6278,14,53
6279,16,51
6280,19,18,15,13,12,10,9,54,53,52,50,49,44,42,41,40
-666,45
6282,20,55
6283,10
-666,46
-666
6286,12,54
-666,43
-666,52
-666,44
-666,55,40
6291,12
6292,16,53
-666,48
6294,16,41
6295,10,50
6296,16,53
6297,15,50
6298,22,44
-666,43
6300,12,47
-666,45
6302,15,53
6303,16,50
6304,10,54
-666,40
-666,48
6307,8,51,43
6308,8
6309,21,52
-666
-666,48
6312,15,43
-666,53
-666,41
6315,16,51
6316,16,53
-666,44
6318,15,46
-666,44
-666,50
-666,54
6322,21,42
6323,15
-666,50,46
-666,42
6326,15,51
6327,15,40
-666,51
-666,42
-666,48
6331,12
6332,16,54,44
6333,16,53
6334,15
6335,16,54
-666,53
6337,22,53,42
6338,16,51
6339,16,53
-666,40
6341,10
-666,52
6343,15
6344,15
6345,21,54
6346,15,53
6347,19,40
6348,15,49
6349,16,44
-666,49
6351,16,52
6352,13,46
-666
-666,55,48
6355,16,51
-666,45
6357,15,44
6358,19,48
-666,44
-666,51
6361,16
-666,55
-666,40
6364,16,43
-666,40
6366,15,47,45
-666,53
6368,21,46
6369,12
6370,22,50
-666
6372,15,50
-666,51
-666,55,43
-666,40
6376,17,42
6377,16,40
6378,16,52,48,41
-666,46
6380,16,48
-666,53
6382,19,47
-666,54
-666,55
6385,16,42
6386,16,53
6387,16,48
-666,53
-666,55
6390,23,48
-666
6392,16,48,43
6393,16,47
6394,10,45
6395,16,44
6396,17,42
6397,15,45
6398,16,48
6399,16,40
6400,10,51
-666,48
6402,16,49
6403,16,48
6404,15,50
6405,21
6406,8,55,40
6407,8
6408,19,53
-666,54
-666,55
6411,8,50
6412,16,40
-666
6414,16
-666,49
-666
6417,22,41
6418,21,53
-666,52
-666,40
6421,15,51,47
-666,48
-666,43
6424,15,47
6425,19,51
-666,52
6427,16,51
-666,48,47
-666,41
6430,22,19,12,51,45,42
6431,10,55,48
6432,8,53
6433,15,44
6434,16,40
6435,22
-666
6437,8,50
-666
6439,12
-666,54
-666,50
6442,19,51
-666,45
-666,51
6445,16
6446,16,49
6447,16,41
-666,40
-666,54
6450,16,47
-666
6452,14,41
6453,15
-666,42
6455,15,51
6456,15,40
-666,49
-666,43
6459,16,49
6460,14
6461,16,50
6462,16,52
6463,19,55
6464,16
6465,16
-666,47
6467,21,50
6468,10,41
6469,16,41
6470,16,53
-666,42
6472,23,51
6473,17,41
6474,22,48
6475,22,49
-666,54
6477,22,51
-666,53
6479,16,45
6480,19,48
-666
6482,22,44
-666,43
-666,55
6485,15
6486,15
6487,22,55,40
-666,43
6489,14,49
-666,52
-666
6492,14,40
-666,45
6494,16,42
-666,41
-666
6497,15,42
-666,40
6499,16,46
-666,44
-666,44,40
-666
6503,16,45
6504,21,46
6505,21,48
6506,21,11,10,55,50,48,44,43,42,41
6507,14
-666,52
6509,15,47
6510,22,48
-666
6512,16,52
6513,15,55,44,40
-666,53
6515,16,43
-666,52
6517,14,40
6518,15,48
6519,21,42
6520,22,54
6521,14
-666,44
6523,16,40
6524,15,41
6525,16,41
6526,14,51,43
6527,12,42
-666,43
6529,15,54
6530,19,43
6531,15,45
6532,16,45
6533,12
-666,48
6535,15,51
6536,16,41
6537,15,51
6538,14,53,51
6539,14
6540,15,52,51
6541,19,41
-666,54
6543,21,42
-666,47
6545,16,51
-666,53
-666
6548,16,42
-666,51
-666,40
6551,22,54
-666,51,50
-666,51
-666,47
-666,51
6556,8,48
-666,54
-666,41
6559,15,53
-666,44
6561,16,46
-666,49
-666,55
6564,22,55
6565,16,10,52,51,50,44,42
-666,49
6567,16,48
-666,44
6569,16
-666,40
6571,16,46
-666,42
6573,14,42
-666,53
-666
6576,21
-666,45
6578,16,54
6579,15,46
6580,16,54
6581,15,44
-666,55
6583,12,46
6584,19,54
6585,16,47
6586,20,19,12,11,55,53,51,48,43,40
-666
6588,15,42
-666,43
6590,14,53
6591,16,52
6592,15,40
-666,45
-666,48
-666,49
6596,13,40
6597,19,55
-666,49
-666,44
-666,53,43
-666,54
6602,21,54
-666
-666
6605,16,52,50
-666,53
6607,8,48
6608,9,43
-666
-666,49
-666,45
6612,22,50
6613,16,43
6614,15
-666
6616,16,40
-666,48
-666,42
-666
6620,8,43
-666,55
-666,44
-666,53
6624,8,44
-666
6626,9,51
-666,54
6628,15
6629,10,48
-666,44
6631,14,46
6632,16,55,40
-666,55,40
6634,16,48
6635,16,42
6636,15,54
6637,16,53
6638,16,46
-666,50
6640,15,40
6641,15,44
-666
6643,16,54
6644,16,51
-666,50,40
-666,42
-666,41
-666,52
6649,16,45
6650,16,44
6651,14,54
6652,21
6653,16,40
6654,16,48
6655,15,55
6656,19,42
6657,16,55
6658,15,51
6659,16,41
